 var hc = [[61, 146], [146, 91], [91, 181], [181, 84], [84, 17], [17, 314], [314, 405], [405, 321], [321, 375], [375, 291], [61, 185], [185, 40], [40, 39], [39, 37], [37, 0], [0, 267], [267, 269], [269, 270], [270, 409], [409, 291], [78, 95], [95, 88], [88, 178], [178, 87], [87, 14], [14, 317], [317, 402], [402, 318], [318, 324], [324, 308], [78, 191], [191, 80], [80, 81], [81, 82], [82, 13], [13, 312], [312, 311], [311, 310], [310, 415], [415, 308]],

ic = [[263, 249], [249, 390], [390, 373], [373, 374], [374, 380], [380, 381], [381, 382], [382, 362], [263, 466], [466, 388], [388, 387], [387, 386], [386,385], [385, 384], [384, 398], [398, 362]],

kc = [[33, 7], [7, 163], [163, 144], [144, 145], [145, 153], [153, 154], [154, 155], [155, 133], 
      [33, 246], [246, 161], [161, 160], [160, 159], [159, 158], [158, 157], [157, 173], [173, 133]], 

jc = [[276, 283], [283, 282], [282, 295], [295, 285], [300, 293], [293, 334], [334, 296], [296, 336]], 

lc = [[46, 53], [53, 52], [52, 65], [65, 55], [70, 63], [63, 105], [105, 66], [66, 107]],
 
mc = [[10, 338], [338, 297], [297, 332], [332, 284], [284, 251], [251, 389], [389, 356], [356, 454], [454, 323], [323, 361], [361, 288], [288, 397], [397, 365], [365, 379], [379, 378], [378, 400], [400, 377], [377, 152], [152, 148], [148, 176], [176, 149], [149, 150], [150, 136], [136, 172], [172, 58], [58, 132], [132, 93], [93, 234], [234, 127], [127, 162], [162, 21], [21, 54], [54, 103], [103, 67], [67, 109], [109, 10]], 

nc = [].concat(L(hc), L(ic), L(jc), L(kc), L(lc), L(mc));

P("FACEMESH_LIPS", hc); 
P("FACEMESH_LEFT_EYE", ic); 
P("FACEMESH_LEFT_EYEBROW", jc); 
P("FACEMESH_LEFT_IRIS", [[474, 475], [475, 476], [476, 477], [477, 474]]); 
P("FACEMESH_RIGHT_EYE", kc);
P("FACEMESH_RIGHT_EYEBROW", lc);
P("FACEMESH_RIGHT_IRIS", [[469, 470], [470, 471], [471, 472], [472, 469]]);


Face Borders: #f1c27d
[10, 338, 297, 332, 284, 251, 389,356, 454, 323, 361, 288, 397, 365, 379, 378, 400, 377, 152, 148, 176, 149, 150, 136, 172, 58, 132, 93, 234, 127, 162, 21, 54, 103, 67, 109, 10]

Left Eye: White
[263, 249, 390, 373, 374, 380, 381, 382, 362, 263, 466, 388, 387, 386, 385, 384, 398, 362]

Right Eye: White 
[33,7,163,144,145,153,154,155,133,33,246,161,160,159,158,157, 173, 133]

Left Iris: Black
[474, 475,476, 477, 474]

Right Iris: Black
[469,470,471,472, 469]

Left EyeBrow: #2C323A
[276,283,282, 295,285,300,293,334,296, 336]

Right EyeBrow: #2C323A
[46,53,52, 65, 55,70,63,105,66, 107]

Lips: #e35d6a
[61,146,91,181,84,17,314,405,321,375, 291,61,185,40,39,37,0,267,269,270,409, 291,78,95,88,178,87,14,317,402,318,324, 308, 78,191,80,81,82,13,312,311,310,415, 308]

Nose: #6b4423
[5, 275, 94]

foreHeadSpot: red
[151, 9, 8]

